9 0.673298 0.631126 0.023032 0.069128
9 0.541733 0.643942 0.024971 0.043535
7 0.415920 0.858434 0.620425 0.067871
8 0.548457 0.744463 0.026895 0.039694
8 0.421204 0.756631 0.024009 0.053783
9 0.039441 0.609365 0.026890 0.053783
9 0.852903 0.581195 0.034575 0.069147
2 0.549895 0.885322 0.043218 0.049941
8 0.501399 0.757269 0.015366 0.034577
6 0.791443 0.843708 0.399536 0.079395
6 0.094666 0.816816 0.185356 0.066589
7 0.380867 0.808490 0.365913 0.029453
7 0.707883 0.845628 0.228579 0.065306
9 0.426006 0.676595 0.022090 0.044818
