8 0.467732 0.448031 0.052036 0.074798
8 0.653506 0.457786 0.060977 0.063958
2 0.452283 0.901156 0.091060 0.100814
7 0.309070 0.846357 0.618140 0.039134
9 0.338767 0.693483 0.012964 0.031367
9 0.478005 0.706924 0.013921 0.024967
9 0.526980 0.696683 0.012964 0.024967
9 0.597317 0.697324 0.013442 0.026250
9 0.788169 0.687399 0.016807 0.033288
9 0.111340 0.658773 0.023042 0.039355
9 0.937649 0.659759 0.018813 0.045755
9 0.976023 0.638359 0.019556 0.043294
8 0.964299 0.743516 0.022046 0.054987
8 0.483533 0.761481 0.013472 0.031035
8 0.018687 0.728271 0.013066 0.047363
7 0.070952 0.803099 0.141270 0.034896
6 0.085444 0.800924 0.167813 0.037070
9 0.048699 0.643893 0.013472 0.035391
9 0.032571 0.652331 0.018784 0.035924
