9 0.723567 0.671266 0.028091 0.056178
9 0.876536 0.623441 0.015942 0.058704
4 0.599048 0.796755 0.178437 0.093678
8 0.706792 0.725153 0.018672 0.039824
6 0.209788 0.797204 0.214263 0.056908
6 0.814258 0.868047 0.247363 0.042969
9 0.201267 0.579154 0.018979 0.054154
9 0.352720 0.612559 0.022012 0.050104
9 0.231445 0.507038 0.028467 0.073893
7 0.759822 0.871530 0.140229 0.031354
7 0.214578 0.807077 0.154165 0.034844
7 0.316921 0.832048 0.141099 0.033678
7 0.627432 0.862240 0.239521 0.040651
2 0.741968 0.940628 0.261299 0.113809
9 0.606848 0.668232 0.019360 0.044030
