8 0.634812 0.718740 0.009116 0.013952
8 0.612593 0.724941 0.005693 0.012682
7 0.548186 0.755303 0.223081 0.008171
9 0.421304 0.676576 0.003086 0.014974
8 0.650937 0.679063 0.007236 0.008997
9 0.389514 0.665980 0.004565 0.020059
9 0.675881 0.675452 0.005269 0.020592
9 0.715684 0.673698 0.004775 0.016654
8 0.505540 0.696992 0.010327 0.016406
8 0.708560 0.723356 0.025264 0.031634
8 0.693948 0.696113 0.014937 0.025195
9 0.568596 0.690693 0.005933 0.016113
9 0.622979 0.678828 0.007031 0.014062
8 0.568728 0.721029 0.005698 0.012409
