8 0.788250 0.654785 0.030435 0.049010
8 0.854412 0.703467 0.058862 0.083639
8 0.408191 0.654788 0.017202 0.033327
9 0.699341 0.651833 0.006992 0.029147
8 0.661848 0.657106 0.010474 0.015228
8 0.548621 0.705970 0.007886 0.039805
9 0.771953 0.641520 0.011104 0.030371
8 0.269985 0.709167 0.006797 0.016081
9 0.340283 0.649554 0.005029 0.023145
9 0.285720 0.634063 0.006499 0.026667
9 0.622227 0.657588 0.008086 0.019694
9 0.549102 0.674613 0.007373 0.021960
6 0.211182 0.750186 0.251641 0.025983
6 0.740664 0.766563 0.104199 0.039531
7 0.517188 0.768561 0.345312 0.018333
8 0.635820 0.715007 0.012461 0.021055
