6 0.879912 0.785951 0.230283 0.075234
6 0.110981 0.774141 0.215850 0.062109
9 0.540332 0.654277 0.010127 0.027539
9 0.639534 0.625420 0.010347 0.026660
8 0.695071 0.624170 0.014771 0.018340
2 0.773772 0.896660 0.121812 0.090273
2 0.510330 0.862891 0.105552 0.065990
7 0.485828 0.788506 0.669106 0.035866
9 0.243953 0.618451 0.009058 0.030456
8 0.125305 0.699193 0.010942 0.021185
9 0.753679 0.609893 0.010132 0.042480
9 0.893311 0.577227 0.019141 0.045703
9 0.150234 0.588522 0.012998 0.042005
8 0.652256 0.707383 0.014219 0.024063
8 0.539453 0.694948 0.015820 0.049661
